# GIMP colorrc
# 
# This file holds a list of recently used colors.

(color-history
    (color-rgba 1 1 1 1)
    (color-rgba 0.058823529411764705 0.14117647058823529 0.13333333333333333 1)
    (color-rgba 0.59999999999999998 0.59999999999999998 0.59999999999999998 1)
    (color-rgba 0.9882352941176471 0.8784313725490196 0.9137254901960784 1)
    (color-rgba 0 0 0 1)
    (color-rgba 0.2627450980392157 0.047058823529411764 0.070588235294117646 0)
    (color-rgba 0.2627450980392157 0.047058823529411764 0.070588235294117646 1)
    (color-rgba 0 0 0 4.6710490433755055e-310)
    (color-rgba 0.17647058823529413 0.5490196078431373 0.46274509803921571 1)
    (color-rgba 0.18823529411764706 0.6588235294117647 0.42352941176470588 1)
    (color-rgba 1 1 1 4.6784248366153828e-310)
    (color-rgba 1 0.6588235294117647 0.42352941176470588 1)
    (color-rgba 0.098039215686274508 0.3411764705882353 0.2196078431372549 1)
    (color-rgba 1 0.42352941176470588 0.18823529411764706 1)
    (color-rgba 0.18823529411764706 0.6588235294117647 0.42352941176470588 6.952615054412994e-310)
    (color-rgba 2.3128461837768555 -8.0560884475708008 1.12712562084198 1)
    (color-rgba 0.6588235294117647 0.42352941176470588 1 1)
    (color-rgba 0.6588235294117647 0.42352941176470588 0.18823529411764706 4.6803864282885604e-310)
    (color-rgba 0.6588235294117647 0.42352941176470588 0.18823529411764706 1)
    (color-rgba 0.6588235294117647 0.18823529411764706 0.6588235294117647 1)
    (color-rgba 0.17647058823529413 0.098039215686274508 0.11372549019607843 1)
    (color-rgba 0.82352941176470584 0.90196078431372551 0.88627450980392153 1)
    (color-rgba 0.81960784313725488 0.58431372549019611 0.45098039215686275 1)
    (color-rgba 0.45098039215686275 0.82352941176470584 0.51372549019607838 1)
    (color-rgba 0.17647058823529413 0.098039215686274508 0.11372549019607843 4.6688608467341986e-310)
    (color-rgba 0.058823529411764705 0.14117647058823529 0.13333333333333333 4.6688543676758948e-310)
    (color-rgba 0.17647058823529413 0.18823529411764706 0.5490196078431373 1)
    (color-rgba 0.45098039215686275 0.82352941176470584 0.73725490196078436 1)
    (color-rgba 0.82352941176470584 0.81176470588235294 0.45098039215686275 1)
    (color-rgba 0.79607843137254897 0.4443976699430589 0.18823529411764708 1)
    (color-rgba 0.79607843137254897 0.18823529411764708 0.20409056916776494 1)
    (color-rgba 0.79607843137254897 0.18823529411764706 0.77254901960784317 1)
    (color-rgba 0.45098039215686275 0.82352941176470584 0.73725490196078436 4.6848388313581632e-310)
    (color-rgba 0.22352941176470589 0.31764705882352939 0.2627450980392157 1)
    (color-rgba 0.5490196078431373 0.17647058823529413 0.48627450980392156 1)
    (color-rgba 0.82352941176470584 0.45098039215686275 0.53725490196078429 1)
    (color-rgba 0.64313725490196083 0.22352941176470589 0.40392156862745099 1)
    (color-rgba 0.875 0.875 0.875 1)
    (color-rgba 0.9508928571428571 0.9508928571428571 0.9508928571428571 1)
    (color-rgba 0.40625 0.40625 0.40625 1)
    (color-rgba 0.8169642857142857 0.8169642857142857 0.8169642857142857 1)
    (color-rgba 0.64313725490196083 0.83137254901960789 0.89411764705882357 4.6719845792385005e-310)
    (color-rgba 0.64313725490196083 0.83137254901960789 0.89411764705882357 1)
    (color-rgba 0.53333333333333333 0.69803921568627447 0.86274509803921573 1)
    (color-rgba 0.5607843137254902 0.73725490196078436 0.85882352941176465 1)
    (color-rgba 0.51372549019607838 0.67843137254901964 0.85490196078431369 1)
    (color-rgba 0.6705882352941176 0.8666666666666667 0.90588235294117647 1)
    (color-rgba 0.93333333333333335 0.92941176470588238 0.92941176470588238 1)
    (color-rgba 0.92941176470588238 0.92549019607843142 0.92549019607843142 1)
    (color-rgba 0.96470588235294119 0.96470588235294119 0.96470588235294119 1)
    (color-rgba 0.72156862745098038 0.70196078431372544 0.70588235294117652 1)
    (color-rgba 0.86274509803921573 0.85490196078431369 0.85490196078431369 1)
    (color-rgba 0.17647058823529413 0.5490196078431373 0.46274509803921571 4.6791668306148862e-310)
    (color-rgba 0.92549019607843142 0.92549019607843142 0.92549019607843142 1)
    (color-rgba 0.82352941176470584 0.82352941176470584 0.82352941176470584 1)
    (color-rgba 0.71764705882352942 0.71764705882352942 0.71764705882352942 1)
    (color-rgba 0.61568627450980395 0.61568627450980395 0.61568627450980395 1)
    (color-rgba 0.51372549019607838 0.51372549019607838 0.51372549019607838 1)
    (color-rgba 0.41176470588235292 0.41176470588235292 0.41176470588235292 1)
    (color-rgba 0.30588235294117649 0.30588235294117649 0.30588235294117649 1)
    (color-rgba 0.20392156862745098 0.20392156862745098 0.20392156862745098 1)
    (color-rgba 0.10196078431372549 0.10196078431372549 0.10196078431372549 1)
    (color-rgba 0.80000000000000004 0.80000000000000004 0.80000000000000004 1)
    (color-rgba 0.40000000000000002 0.40000000000000002 0.40000000000000002 1)
    (color-rgba 0.20000000000000001 0.20000000000000001 0.20000000000000001 1)
    (color-rgba 0.33725490196078434 0.5490196078431373 0.17647058823529413 1)
    (color-rgba 0.5490196078431373 0.31372549019607843 0.17647058823529413 1)
    (color-rgba 0.82352941176470584 0.90196078431372551 0.88627450980392153 6.9528837102212741e-310)
    (color-rgba 0.6473214285714286 0.6473214285714286 0.6473214285714286 1)
    (color-rgba 0.9882352941176471 0.8784313725490196 0.9137254901960784 4.6609772494599267e-310)
    (color-rgba 0.12156862745098039 0.15294117647058825 0.17254901960784313 1)
    (color-rgba 0.54509803921568623 0.77254901960784317 0.23137254901960785 1)
    (color-rgba 0.33725490196078434 0.5490196078431373 0.1803921568627451 1)
    (color-rgba 0.45098039215686275 0.82352941176470584 0.51372549019607838 4.6362616844903775e-310)
    (color-rgba 0.82352941176470584 0.90588235294117647 0.88627450980392153 4.6558611185020971e-310)
    (color-rgba 0.82352941176470584 0.90588235294117647 0.88627450980392153 1)
    (color-rgba 0.035723722454156337 0.10236220472440949 0.086495899421968225 1)
    (color-rgba 0.88173122654970137 0.92519685039370081 0.91484789233560571 1)
    (color-rgba 0.66274509803921566 0.035294117647058823 0.062745098039215685 1)
    (color-rgba 0 0.054901960784313725 0.0078431372549019607 4.6819372980528579e-310)
    (color-rgba 0 0.053571428571428603 0.0094537815126050379 1)
    (color-rgba 0 0.13333333333333333 0.023529411764705882 1)
    (color-rgba 0.74509803921568629 0.69411764705882351 0.5725490196078431 1)
    (color-rgba 0.63137254901960782 0.61960784313725492 0.49803921568627452 1)
    (color-rgba 0.38039215686274508 0.41176470588235292 0.27843137254901962 1)
    (color-rgba 0.78431372549019607 0.66274509803921566 0.5490196078431373 1)
    (color-rgba 0.16078431372549021 0.32549019607843138 0.13725490196078433 1)
    (color-rgba 0.93725490196078431 0.78823529411764703 0.64313725490196083 1)
    (color-rgba 0.23529411764705882 0.23137254901960785 0.43137254901960786 1)
    (color-rgba 0.17254901960784313 0.32156862745098042 0.12156862745098039 1)
    (color-rgba 0.96470588235294119 0.92549019607843142 0.88627450980392153 1)
    (color-rgba 0.5490196078431373 0.17647058823529413 0.48627450980392156 4.6639738378405863e-310)
    (color-rgba 0.66274509803921566 0.45098039215686275 0.82352941176470584 4.6639718668822917e-310)
    (color-rgba 0.66274509803921566 0.45098039215686275 0.82352941176470584 1)
    (color-rgba 0.82352941176470584 0.81176470588235294 0.45098039215686275 4.6639715043819795e-310)
    (color-rgba 0.45098039215686275 0.68627450980392157 0.82352941176470584 1)
    (color-rgba 0.2863070539419087 0.07686095407836474 0.07686095407836474 1)
    (color-rgba 0 0.2196078431372549 0.50980392156862742 1)
    (color-rgba 0.68235296010971069 0.84313732385635376 0.85882359743118286 1)
    (color-rgba 0.82352941176470584 0.81176470588235294 0.44705882352941179 4.677410516910116e-310)
    (color-rgba 0.82352941176470584 0.81176470588235294 0.44705882352941179 1)
    (color-rgba 0.5490196078431373 0.31372549019607843 0.17254901960784313 1)
    (color-rgba 0.66274509803921566 0.45098039215686275 0.81960784313725488 1)
    (color-rgba 0.45490196078431372 0.82352941176470584 0.51764705882352946 1)
    (color-rgba 0.45098039215686275 0.68627450980392157 0.82745098039215681 1)
    (color-rgba 0.37647058823529411 0.77254901960784317 0.67843137254901964 1)
    (color-rgba 0.54509803921568623 0.17647058823529413 0.4823529411764706 1)
    (color-rgba 0.45098039215686275 0.46274509803921571 0.82352941176470584 1)
    (color-rgba 0.5490196078431373 0.17647058823529413 0.2627450980392157 1)
    (color-rgba 0.98431372549019602 0.8784313725490196 0.9137254901960784 1)
    (color-rgba 0.82352941176470584 0.64313725490196083 0.45098039215686275 1)
    (color-rgba 0.72549019607843135 0.82352941176470584 0.45098039215686275 1)
    (color-rgba 0.45098039215686275 0.82352941176470584 0.45882352941176469 1)
    (color-rgba 0.45098039215686275 0.63137254901960782 0.82352941176470584 1)
    (color-rgba 0.5490196078431373 0.45098039215686275 0.82352941176470584 1)
    (color-rgba 0.82352941176470584 0.45098039215686275 0.81568627450980391 1)
    (color-rgba 0.61176470588235299 0.82352941176470584 0.45098039215686275 1)
    (color-rgba 0.82352941176470584 0.58823529411764708 0.45098039215686275 1)
    (color-rgba 0.82352941176470584 0.45098039215686275 0.76078431372549016 1)
    (color-rgba 0.73725490196078436 0.45098039215686275 0.82352941176470584 1)
    (color-rgba 0.82352941176470584 0.45098039215686275 0.72549019607843135 1)
    (color-rgba 1 0.80000000000000004 0 4.6719071848353057e-310)
    (color-rgba 1 0.80000000000000004 0 1)
    (color-rgba 1 0 0 4.6719071848218671e-310)
    (color-rgba 0.62352941176470589 0.47843137254901963 0.16862745098039217 1)
    (color-rgba 0.9882352941176471 0.91764705882352937 0.61960784313725492 4.6356428077992676e-310)
    (color-rgba 0.37647058823529411 0.77254901960784317 0.67843137254901964 4.6549809430828565e-310)
    (color-rgba 0.0078431372549019607 0.62352941176470589 0.30588235294117649 1)
    (color-rgba 0.0078431372549019607 0.62352941176470589 0.30588235294117649 0)
    (color-rgba 0.92549019607843142 0.50196078431372548 0.66666666666666663 1)
    (color-rgba 0.9882352941176471 0.9882352941176471 0.9882352941176471 1)
    (color-rgba 0.22352941176470589 0.21568627450980393 0.40784313725490196 1)
    (color-rgba 0.9137254901960784 0.7803921568627451 0.050980392156862744 1)
    (color-rgba 0.9882352941176471 0.91764705882352937 0.61960784313725492 1)
    (color-rgba 0.30588235294117649 0.31372549019607843 0.29019607843137257 1)
    (color-rgba 0.45098039215686275 0.82352941176470584 0.45882352941176469 4.6752817220304177e-310)
    (color-rgba 0.23137254901960785 0.20392156862745098 0.18823529411764706 4.9406564584124654e-324)
    (color-rgba 0.23137254901960785 0.20392156862745098 0.18823529411764706 1)
    (color-rgba 1 0.94901960784313721 0.9137254901960784 1)
    (color-rgba 1 0.92941176470588238 0.8784313725490196 1)
    (color-rgba 0.88627450980392153 0.13725490196078433 0.098039215686274508 1)
    (color-rgba 1 0 0 1)
    (color-rgba 0.71372549019607845 0.54117647058823526 0.090196078431372548 1)
    (color-rgba 0.17647058823529413 0.54117647058823526 0.47058823529411764 1)
    (color-rgba 1 0.25490196078431371 0.14901960784313725 1)
    (color-rgba 1 0.30196078431372547 0.18823529411764706 1)
    (color-rgba 0.29019607843137257 0.80000000000000004 0.62745098039215685 1)
    (color-rgba 0.78823529411764703 0.79607843137254897 0.71372549019607845 1)
    (color-rgba 0.81176470588235294 0.81568627450980391 0.75294117647058822 1)
    (color-rgba 0.43529411764705883 0.51764705882352946 0.792156862745098 1)
    (color-rgba 0.29411764705882354 0.79607843137254897 0.62745098039215685 1)
    (color-rgba 0.45098039215686275 0.82352941176470584 0.5490196078431373 1)
    (color-rgba 0.83921568627450982 0.070588235294117646 0.070588235294117646 1)
    (color-rgba 0.70980392156862748 0 0 1)
    (color-rgba 0.90980392156862744 0.50980392156862742 0.73333333333333328 1)
    (color-rgba 0.45098039215686275 0.53725490196078429 0.82352941176470584 1)
    (color-rgba 0.68879668049792531 0.12481550586204013 0.12481550586204013 1)
    (color-rgba 0.12941176470588237 0.12549019607843137 0.1803921568627451 1)
    (color-rgba 0.56470588235294117 0.56470588235294117 0.56470588235294117 1)
    (color-rgba 0.16470588235294117 0.16470588235294117 0.16470588235294117 1)
    (color-rgba 0.67843137254901964 0.67843137254901964 0.67843137254901964 1)
    (color-rgba 0.054901960784313725 0.054901960784313725 0.054901960784313725 1)
    (color-rgba 0.80000000000000004 0.11764705882352941 0.16470588235294117 1)
    (color-rgba 0.75647699999999996 0 1 1)
    (color-rgba 0.57647099999999996 0.99215699999999996 0.90196100000000001 1)
    (color-rgba 0.20000000000000001 0.20000000000000001 0.105882 1)
    (color-rgba 0.16078400000000001 0.99607800000000002 0.36862699999999998 0)
    (color-rgba 0.99607800000000002 0.16078400000000001 0.78823500000000002 1)
    (color-rgba 0.57647099999999996 0.16078400000000001 0.99607800000000002 1)
    (color-rgba 0.16078400000000001 0.99607800000000002 0.36862699999999998 1)
    (color-rgba 0.57647099999999996 0.99607800000000002 0.16078400000000001 1)
    (color-rgba 0.99607800000000002 0.78823500000000002 0.16078400000000001 1)
    (color-rgba 0.99607800000000002 0.16078400000000001 0.168627 1)
    (color-rgba 0.65560200000000002 0.39160099999999998 0.39160099999999998 1)
    (color-rgba 0.65098 0.77254900000000004 0.26666699999999999 1)
    (color-rgba 0.18823500000000001 0.90196100000000001 0.043137000000000002 1)
    (color-rgba 0.062744999999999995 0.219608 0.70588200000000001 1)
    (color-rgba 0.31372499999999998 0.40784300000000001 0.42352899999999999 1)
    (color-rgba 0.76862699999999995 0.26666699999999999 0.28235300000000002 1)
    (color-rgba 0.94117600000000001 0.90980399999999995 0.28235300000000002 1)
    (color-rgba 0.73725499999999999 0.18823500000000001 0.42352899999999999 1)
    (color-rgba 0.53725500000000004 0.82352899999999996 0.45097999999999999 1)
    (color-rgba 0.96862700000000002 0.96078399999999997 0.96862700000000002 1)
    (color-rgba 0.56470600000000004 0.53725500000000004 0.60392199999999996 1)
    (color-rgba 0.29411799999999999 0.090195999999999998 0.11372500000000001 1)
    (color-rgba 0.91764699999999999 0.93725499999999995 0.91372500000000001 1)
    (color-rgba 0.63529400000000003 0.75686299999999995 0.25097999999999998 1)
    (color-rgba 0.56470600000000004 0.66666700000000001 0.18431400000000001 1)
    (color-rgba 0.50196099999999999 1 0.50196099999999999 1)
    (color-rgba 0.82352899999999996 0.73725499999999999 0.45097999999999999 1)
    (color-rgba 0.95686300000000002 0.86666699999999997 0.56078399999999995 1)
    (color-rgba 0.42338700000000001 0.051146999999999998 0.051146999999999998 1)
    (color-rgba 0.819608 0.0078429999999999993 0.0078429999999999993 1)
    (color-rgba 0.193548 0.193548 0.193548 1)
    (color-rgba 0.80392200000000003 0.75294099999999997 0.58039200000000002 1)
    (color-rgba 0.47450999999999999 0.90588199999999997 0.85882400000000003 1)
    (color-rgba 0.34509800000000002 0.49019600000000002 0.66666700000000001 0)
    (color-rgba 0.34509800000000002 0.49019600000000002 0.66666700000000001 1)
    (color-rgba 0.33725500000000003 0.31372499999999998 0.13333300000000001 0)
    (color-rgba 0.231373 0.38039200000000001 0.090195999999999998 1)
    (color-rgba 0.31622800000000001 0.72151900000000002 0.1598 1)
    (color-rgba 0.33725500000000003 0.31372499999999998 0.13333300000000001 1)
    (color-rgba 0.63921600000000001 0.764706 0.36862699999999998 1)
    (color-rgba 0.82700399999999996 0.47178100000000001 0.47178100000000001 1)
    (color-rgba 0.039216000000000001 1 0.019608 1)
    (color-rgba 0.044941000000000002 1 0.020133999999999999 1)
    (color-rgba 0.164021 0.11558499999999999 0.11558499999999999 1)
    (color-rgba 0.258824 0.258824 0.258824 1)
    (color-rgba 0 0.25097999999999998 0.0063540000000000003 1)
    (color-rgba 0.25097999999999998 0.12548999999999999 0 1)
    (color-rgba 0.41176499999999999 0.39607799999999999 0.231373 1)
    (color-rgba 0.83529399999999998 0.76862699999999995 0.44705899999999998 1)
    (color-rgba 0.079365000000000005 0.079365000000000005 0.079365000000000005 1)
    (color-rgba 0.85097999999999996 0.792157 0.49803900000000001 1)
    (color-rgba 0.148148 0.148148 0.148148 1)
    (color-rgba 0.80784299999999998 0.74117599999999995 0.39215699999999998 1)
    (color-rgba 0.55065799999999998 0.83529399999999998 0.466667 1)
    (color-rgba 0.035293999999999999 0.035293999999999999 0.035293999999999999 1)
    (color-rgba 0.83529399999999998 0.77647100000000002 0.466667 1)
    (color-rgba 0.16931199999999999 0.16931199999999999 0.16931199999999999 1)
    (color-rgba 0.84126999999999996 0.84126999999999996 0.84126999999999996 1)
    (color-rgba 0.063492000000000007 0.063492000000000007 0.063492000000000007 1)
    (color-rgba 0.031372999999999998 0.074510000000000007 0.023529000000000001 1)
    (color-rgba 1 0.98412699999999997 0 1)
    (color-rgba 0.60949900000000001 0.78059100000000003 0.46625899999999998 1)
    (color-rgba 0.85490200000000005 0.86274499999999998 0.019608 1)
    (color-rgba 0.021163999999999999 0.021163999999999999 0.021163999999999999 1)
    (color-rgba 0.95686300000000002 0.96862700000000002 0.023529000000000001 1)
    (color-rgba 0.22352900000000001 0.196078 0.75294099999999997 0)
    (color-rgba 0.196078 0.26666699999999999 0.75294099999999997 0)
    (color-rgba 0.196078 0.29411799999999999 0.75294099999999997 0)
    (color-rgba 0.75105500000000003 0.19658500000000001 0.19658500000000001 1)
    (color-rgba 0.69312200000000002 0.35353899999999999 0.35353899999999999 1)
    (color-rgba 0 1 0.72941199999999995 1)
    (color-rgba 0.972549 0.972549 0.972549 1)
    (color-rgba 0.94901999999999997 0.94901999999999997 0.94901999999999997 1)
    (color-rgba 0.92156899999999997 0.92156899999999997 0.92156899999999997 1)
    (color-rgba 0.89803900000000003 0.89803900000000003 0.89803900000000003 1)
    (color-rgba 0.87058800000000003 0.87058800000000003 0.87058800000000003 1)
    (color-rgba 0.84705900000000001 0.84705900000000001 0.84705900000000001 1)
    (color-rgba 0.819608 0.819608 0.819608 1)
    (color-rgba 0.79607799999999995 0.79607799999999995 0.79607799999999995 1)
    (color-rgba 0.76862699999999995 0.76862699999999995 0.76862699999999995 1)
    (color-rgba 0.74509800000000004 0.74509800000000004 0.74509800000000004 1)
    (color-rgba 0.69411800000000001 0.69411800000000001 0.69411800000000001 1)
    (color-rgba 0.66666700000000001 0.66666700000000001 0.66666700000000001 1)
    (color-rgba 0.63921600000000001 0.63921600000000001 0.63921600000000001 1)
    (color-rgba 0.58823499999999995 0.58823499999999995 0.58823499999999995 1)
    (color-rgba 0.53725500000000004 0.53725500000000004 0.53725500000000004 1)
    (color-rgba 0.48627500000000001 0.48627500000000001 0.48627500000000001 1)
    (color-rgba 0.46274500000000002 0.46274500000000002 0.46274500000000002 1)
    (color-rgba 0.43529400000000001 0.43529400000000001 0.43529400000000001 1)
    (color-rgba 0.38431399999999999 0.38431399999999999 0.38431399999999999 1)
    (color-rgba 0.36078399999999999 0.36078399999999999 0.36078399999999999 1)
    (color-rgba 0.33333299999999999 0.33333299999999999 0.33333299999999999 1)
    (color-rgba 0.28235300000000002 0.28235300000000002 0.28235300000000002 1))

# end of colorrc
